1.204442292254318980e+00 3.576114148128844761e+00 0.000000000000000000e+00
1.587099039825537183e-01 -1.482170900368344313e+00 0.000000000000000000e+00
9.524719604502052128e-02 -1.279955327653179653e+00 0.000000000000000000e+00
3.491784746396591199e-01 -2.064379974990181221e+00 0.000000000000000000e+00
6.941503784609095451e-01 2.889108779099861302e+00 0.000000000000000000e+00
1.620650379038142352e+00 -4.035124003739587017e+00 0.000000000000000000e+00
1.538562249885134348e+00 3.242555178757120959e+00 0.000000000000000000e+00
3.630856406497361827e-02 -8.539528551255181066e-01 0.000000000000000000e+00
4.745911086621599217e-01 2.477938198083136978e+00 0.000000000000000000e+00
1.656958277541300817e-01 1.811172162452382883e+00 0.000000000000000000e+00
1.664462488367475235e+00 3.452700422652013490e+00 0.000000000000000000e+00
8.402857203773455019e-01 -3.440176377396834795e+00 0.000000000000000000e+00
2.616951627197808827e-01 2.105496472023774768e+00 0.000000000000000000e+00
2.316148961233262249e-01 1.813805014626099110e+00 0.000000000000000000e+00
1.580130195201236987e+00 3.302671143882371041e+00 0.000000000000000000e+00
6.355099499450955758e-03 4.181317690616159766e-01 0.000000000000000000e+00
6.806104186276646928e-01 3.096364336465991407e+00 0.000000000000000000e+00
1.214004320035617229e-01 1.330960035749151116e+00 0.000000000000000000e+00
1.132812613521649858e+00 3.787088329557685817e+00 0.000000000000000000e+00
1.615058923645979361e+00 3.671130053900772960e+00 0.000000000000000000e+00
1.664544413892619645e-01 1.776140481710357433e+00 0.000000000000000000e+00
1.724382414489031179e+00 2.761520233948922431e+00 0.000000000000000000e+00
1.886672457840079531e+00 3.255441075614629920e+00 0.000000000000000000e+00
1.723272273479073302e+00 3.468591743241646874e+00 0.000000000000000000e+00
1.546613316491258550e+00 2.486441772662375538e+00 0.000000000000000000e+00
9.845903999876969293e-01 3.773771302698045726e+00 0.000000000000000000e+00
1.453133449793919674e+00 3.606099737644066217e+00 0.000000000000000000e+00
7.490433880334226302e-01 3.112540320517883430e+00 0.000000000000000000e+00
1.450483413983502778e+00 3.575190587021589650e+00 0.000000000000000000e+00
1.642878646408104659e+00 2.616102532276668668e+00 0.000000000000000000e+00
1.281414874773732615e+00 3.716583817904647091e+00 0.000000000000000000e+00
1.595741042041828539e+00 3.705088422545149474e+00 0.000000000000000000e+00
1.462982937573351849e+00 3.836926878130989316e+00 0.000000000000000000e+00
1.466290480728429158e+00 4.037643470481510732e+00 0.000000000000000000e+00
1.543489609689052688e+00 3.662780036568418662e+00 0.000000000000000000e+00
1.570134164298068624e+00 2.582866525867990593e+00 0.000000000000000000e+00
1.229954037597592365e+00 3.466442126765714171e+00 0.000000000000000000e+00
1.311423454116065868e+00 1.810095858771775479e+00 0.000000000000000000e+00
-1.993645527784488447e+00 -1.493851166257007090e+00 0.000000000000000000e+00
3.945647520917485718e-01 4.152453540299578250e-01 0.000000000000000000e+00
1.517154492183696357e+00 2.271959291441785656e+00 0.000000000000000000e+00
1.691691390361177882e+00 3.369550632086408815e+00 0.000000000000000000e+00
1.741866855085052235e+00 3.120918739485874838e+00 0.000000000000000000e+00
-2.913733816410793320e+00 -1.819201003525390492e+00 0.000000000000000000e+00
7.521508977168875898e-01 8.929654419186175973e-01 0.000000000000000000e+00
1.685373030518393600e+00 2.582959441942615175e+00 0.000000000000000000e+00
3.711602384588553183e-01 3.909874360370634849e-01 0.000000000000000000e+00
-3.730338842549739020e+00 -1.638473584178451903e+00 0.000000000000000000e+00
3.524840798138729747e-01 3.587455938503074093e-01 0.000000000000000000e+00
-1.486942058491037111e+00 -1.200256451908561894e+00 0.000000000000000000e+00
-7.452904156007614800e-01 -6.627476818413420290e-01 0.000000000000000000e+00
5.638074424008004959e-01 6.310916670387686223e-01 0.000000000000000000e+00
1.270931789681147173e+00 1.911487052599783354e+00 0.000000000000000000e+00
5.351336074317932789e-01 5.618076259230458946e-01 0.000000000000000000e+00
-1.713303746168212405e-01 -1.647899401230321914e-01 0.000000000000000000e+00
-2.501972934308101859e+00 -1.679417245637337297e+00 0.000000000000000000e+00
-2.632754483077011098e+00 -1.524978353902918915e+00 0.000000000000000000e+00
-3.155615496136574105e+00 -1.686848420714632812e+00 0.000000000000000000e+00
-2.110224902001913261e+00 -1.457143012320767372e+00 0.000000000000000000e+00
-3.513035629068689492e+00 -1.778950383176616024e+00 0.000000000000000000e+00
-3.520181554023685266e-02 -3.489159647566767580e-02 0.000000000000000000e+00
-3.998431141818383772e+00 -1.522579256127826186e+00 0.000000000000000000e+00
-3.080954450571367076e+00 -1.667763832595364315e+00 0.000000000000000000e+00
-1.790230242399248439e+00 -1.340366645406519508e+00 0.000000000000000000e+00
-3.375205439592560364e+00 -1.713112099979709591e+00 0.000000000000000000e+00
-2.385785747130531487e+00 -1.518515489897947157e+00 0.000000000000000000e+00
-3.547412674680522571e+00 -1.135147166172915112e+00 0.000000000000000000e+00
-2.923443842844943852e+00 -6.426378427457694054e-01 0.000000000000000000e+00
-1.010097045032095853e+00 -6.833662711630258957e-02 0.000000000000000000e+00
-3.021858375662684892e-01 -2.920170737599185329e-01 0.000000000000000000e+00
-1.479471988130121041e-01 -1.412181160776510569e-01 0.000000000000000000e+00
-2.411134978157539965e+00 -1.506705736468012757e+00 0.000000000000000000e+00
-3.520659701965514810e+00 -1.529957067767130141e+00 0.000000000000000000e+00
-3.097624803054505271e+00 -7.943857203795033906e-01 0.000000000000000000e+00
-3.864535735844269571e+00 -1.399588516078859923e+00 0.000000000000000000e+00
3.462879015457250020e-02 3.560930812795145423e-02 0.000000000000000000e+00
-3.812977331808482528e+00 -1.797308781020036106e+00 0.000000000000000000e+00
-2.549411643498086022e+00 -5.113928841351972343e-01 0.000000000000000000e+00
-3.618335464846949456e+00 -1.126671817445449975e+00 0.000000000000000000e+00
-2.317209678498031611e+00 -4.211854786157472330e-01 0.000000000000000000e+00
-3.858433012223564607e+00 -1.456690495789481732e+00 0.000000000000000000e+00
-3.771825282608201491e+00 -1.338471317154903861e+00 0.000000000000000000e+00
-3.226434243319397321e+00 -8.164791316872533899e-01 0.000000000000000000e+00
-2.497481070374139467e+00 -4.737904812764717755e-01 0.000000000000000000e+00
-2.941579763873358733e+00 -6.397535070305838678e-01 0.000000000000000000e+00
-2.913918586910885455e+00 -6.342863736768767913e-01 0.000000000000000000e+00
-3.706239643489201985e+00 -1.380616411146389888e+00 0.000000000000000000e+00
-1.952657093545514089e+00 -2.577948577008951081e-01 0.000000000000000000e+00
-2.660204339388435812e+00 -4.477018192581822542e-01 0.000000000000000000e+00
8.173041411385082444e-01 -4.129041312612247161e-02 0.000000000000000000e+00
1.217685117626743141e+00 -9.767527682362618646e-02 0.000000000000000000e+00
-1.662461745409485214e+00 -1.786181541322533484e-01 0.000000000000000000e+00
-2.751114108138631664e+00 -5.675416709682968852e-01 0.000000000000000000e+00
-3.318737005271401586e+00 -8.137403010418726712e-01 0.000000000000000000e+00
-2.140631817642156265e-01 -2.639235578222020370e-03 0.000000000000000000e+00
-1.099022219589780303e+00 -7.250970279451682265e-02 0.000000000000000000e+00
-1.947677854107840778e+00 -2.634376870884463373e-01 0.000000000000000000e+00
-4.999910136282418871e-01 -2.064782231485800743e-02 0.000000000000000000e+00
-2.526185068798692424e+00 -4.033057146426339279e-01 0.000000000000000000e+00
1.963607727777267664e+00 -2.387048992065862463e-01 0.000000000000000000e+00
-1.027158428588732741e+00 -9.516269565593045432e-02 0.000000000000000000e+00
3.032483407948894705e+00 -7.989918126240532770e-01 0.000000000000000000e+00
1.515590269084399644e+00 -1.660069877944909955e-01 0.000000000000000000e+00
2.218642828464111538e+00 -3.644060263875127936e-01 0.000000000000000000e+00
-2.403858210138477780e+00 -3.860243701902173474e-01 0.000000000000000000e+00
2.006305208009454333e+00 -2.201895736046710073e-01 0.000000000000000000e+00
3.179116282575766839e+00 -7.753703385444238316e-01 0.000000000000000000e+00
-1.451883510811279088e+00 -1.221705816892716123e-01 0.000000000000000000e+00
1.214963930461824271e+00 -8.424207557169724470e-02 0.000000000000000000e+00
2.046133005369668467e+00 -2.980993608272130557e-01 0.000000000000000000e+00
-1.621826139837407865e+00 -1.968697018734796855e-01 0.000000000000000000e+00
3.179931998388797254e+00 -7.530750173379203716e-01 0.000000000000000000e+00
3.967991875724409034e+00 -1.468318421215276892e+00 0.000000000000000000e+00
3.298977279850843769e-01 -9.556106004976175697e-03 0.000000000000000000e+00
4.078165875644616634e+00 -1.202111215635157881e+00 0.000000000000000000e+00
-3.175660124596002554e-01 -9.605467728499241312e-03 0.000000000000000000e+00
3.311291129743372696e+00 -8.108829197698591562e-01 0.000000000000000000e+00
-9.528093857907302677e-01 -5.683463534528931244e-02 0.000000000000000000e+00
3.037689983852598807e+00 -1.673477424773466282e+00 0.000000000000000000e+00
3.550529915659230262e+00 -1.404609738019924281e+00 0.000000000000000000e+00
3.559907747810662215e+00 -1.123431521487932461e+00 0.000000000000000000e+00
2.336632847056612228e+00 -4.041227790929303176e-01 0.000000000000000000e+00
2.313524333513509390e+00 -1.571647547079554785e+00 0.000000000000000000e+00
2.794952123584804049e-01 -2.609339436112451116e-01 0.000000000000000000e+00
1.518625466434192495e-01 -2.624040613222113506e-04 0.000000000000000000e+00
1.961559410186249908e+00 -1.449021150563428950e+00 0.000000000000000000e+00
5.473532601543796838e-01 -4.900442604221518783e-01 0.000000000000000000e+00
3.490440344279213125e+00 -1.852631148440782916e+00 0.000000000000000000e+00
2.725660418973078425e+00 -5.416991945253374352e-01 0.000000000000000000e+00
2.136065075222166154e+00 -1.539142071631296682e+00 0.000000000000000000e+00
3.670422476974094295e+00 -1.688713769964829803e+00 0.000000000000000000e+00
3.922609474035885668e+00 -1.486740744696429140e+00 0.000000000000000000e+00
3.088620308120365365e+00 -7.976744594516792519e-01 0.000000000000000000e+00
1.929484330733081343e+00 -1.390735889673518244e+00 0.000000000000000000e+00
1.389469949800234749e+00 -1.143675305232364270e+00 0.000000000000000000e+00
3.514282181174743780e+00 -1.573938339721037583e+00 0.000000000000000000e+00
1.130356961634379376e+00 -8.874266860529063106e-01 0.000000000000000000e+00
3.335454602117648548e+00 -1.211020113498754602e+00 0.000000000000000000e+00
9.159052302741863688e-03 -8.587346199445270237e-03 0.000000000000000000e+00
1.680972536713828180e+00 -1.194521667791752284e+00 0.000000000000000000e+00
2.307109705298308278e+00 -1.534283600088357513e+00 0.000000000000000000e+00
2.214048317203504812e+00 -1.578984330265106539e+00 0.000000000000000000e+00
-5.318427263001311855e-01 5.807322183123393433e-01 0.000000000000000000e+00
-3.458748289270393572e-01 3.716432836560509823e-01 0.000000000000000000e+00
-9.838266007904296340e-02 9.984701265518478031e-02 0.000000000000000000e+00
6.550294279108397344e-01 -5.863279731884220025e-01 0.000000000000000000e+00
5.836124332564964767e-01 -5.263063883445610047e-01 0.000000000000000000e+00
-7.681728537348120334e-01 8.879626683464172388e-01 0.000000000000000000e+00
-5.527257031664163656e-02 5.646896919054399805e-02 0.000000000000000000e+00
-1.259619563256363595e+00 1.593182618417402274e+00 0.000000000000000000e+00
9.428059359540269524e-01 -8.251368451063993970e-01 0.000000000000000000e+00
3.776815306929780292e+00 -1.208457498807158359e+00 0.000000000000000000e+00
-1.709224577649637755e+00 2.783365822478067741e+00 0.000000000000000000e+00
-1.081695169136475787e+00 3.431056066578181518e+00 0.000000000000000000e+00
-1.403070387332368441e+00 1.889011328674631951e+00 0.000000000000000000e+00
-6.436345189849381754e-01 7.170826979083673169e-01 0.000000000000000000e+00
-6.325434537143770353e-01 7.167769546883935305e-01 0.000000000000000000e+00
-8.537135503045983898e-01 1.005587089297039105e+00 0.000000000000000000e+00
-1.227725257606436582e+00 1.578889378166002055e+00 0.000000000000000000e+00
9.507402305559948807e-01 -7.970087340083396032e-01 0.000000000000000000e+00
-5.973751254554264811e-01 6.588925644580290175e-01 0.000000000000000000e+00
5.019331760329935888e-01 -4.713817424421476443e-01 0.000000000000000000e+00
-1.889884671745462708e+00 3.069148368642734326e+00 0.000000000000000000e+00
-1.236022201603759862e+00 1.641721165978314412e+00 0.000000000000000000e+00
-1.748615997649831222e+00 3.431383781436430525e+00 0.000000000000000000e+00
-1.488282620568446069e+00 2.224722597738760133e+00 0.000000000000000000e+00
-1.278104205513387770e+00 3.593563049293775347e+00 0.000000000000000000e+00
-1.993383609191902384e+00 3.823381860377448760e+00 0.000000000000000000e+00
-6.807583707423932318e-02 9.781728832968240583e-01 0.000000000000000000e+00
1.079682409162619372e+00 -9.086285452580259436e-01 0.000000000000000000e+00
-1.497330144801478635e+00 2.162326448405748724e+00 0.000000000000000000e+00
-1.022484966694383379e+00 3.551915557945884760e+00 0.000000000000000000e+00
-6.880686265101525201e-02 -1.131119356602905857e+00 0.000000000000000000e+00
-1.772842965077269684e+00 3.413995237016307804e+00 0.000000000000000000e+00
-1.429035987069109170e+00 3.335090918878255817e+00 0.000000000000000000e+00
-1.631916080295725768e+00 3.438375347967446594e+00 0.000000000000000000e+00
-1.574134528490089835e-01 1.352046532502097387e+00 0.000000000000000000e+00
-1.697329588721542049e+00 3.760533467737507962e+00 0.000000000000000000e+00
-7.206911072235376858e-01 3.303016649765849522e+00 0.000000000000000000e+00
-1.498366183834675569e+00 3.552674331702773358e+00 0.000000000000000000e+00
-1.532851354562193569e+00 2.370568078693202185e+00 0.000000000000000000e+00
-7.830792887375601641e-01 3.184845396151883001e+00 0.000000000000000000e+00
-5.655459447011267349e-01 2.981004858911626698e+00 0.000000000000000000e+00
-4.282475572981289148e-03 3.102653020858411881e-01 0.000000000000000000e+00
-9.548161722552193087e-01 3.334807409684835022e+00 0.000000000000000000e+00
-1.430272989876509193e+00 3.747890340632842321e+00 0.000000000000000000e+00
-1.991390386797241285e-01 1.756987860696143544e+00 0.000000000000000000e+00
-3.932284582971785070e-01 2.412339149222143764e+00 0.000000000000000000e+00
-3.139175789704318764e-01 2.261601981669273620e+00 0.000000000000000000e+00
-5.556293827359788384e-01 2.843087529354366261e+00 0.000000000000000000e+00
-5.617292043162337711e-02 -8.084642556288985649e-01 0.000000000000000000e+00
-5.842576063222713195e-02 7.976012175821191041e-01 0.000000000000000000e+00
-8.070369997435238307e-01 -3.166023005657808032e+00 0.000000000000000000e+00
-1.860168785225223553e-01 -1.739233414386680998e+00 0.000000000000000000e+00
-9.655902264740593224e-03 -3.033004603861510495e-01 0.000000000000000000e+00
-1.526645579428301147e+00 3.514489287120405869e+00 0.000000000000000000e+00
-2.325433228704420346e-02 -4.482114497874292169e-01 0.000000000000000000e+00
-2.116651236746334638e-02 -6.802225386183637923e-01 0.000000000000000000e+00
-2.379128869985525085e-01 -1.894615872151287794e+00 0.000000000000000000e+00
-5.858464101358455967e-01 -3.091259938950623898e+00 0.000000000000000000e+00
-1.070495807222952456e+00 3.682524609580072994e+00 1.000000000000000000e+00
-2.329059937024095545e-03 -2.487751645641174403e-01 1.000000000000000000e+00
-9.279808490184539294e-02 -1.112645833043245380e+00 1.000000000000000000e+00
-9.240811812930435076e-01 -3.312871488203518400e+00 1.000000000000000000e+00
-4.274154112765385372e-02 9.830649005528309115e-01 1.000000000000000000e+00
-7.883061558521853307e-02 -1.062005516592896770e+00 1.000000000000000000e+00
-1.354712303969461518e+00 3.643063073963380472e+00 1.000000000000000000e+00
-9.645068005364712538e-02 1.235984544938831364e+00 1.000000000000000000e+00
-4.889039654903493126e-01 -2.486355691706417570e+00 1.000000000000000000e+00
-1.404281447281634287e+00 -3.965460910380900206e+00 1.000000000000000000e+00
-1.030321940560016136e-01 -1.304076326990542878e+00 1.000000000000000000e+00
-1.768230433405123758e+00 -2.807001151466404831e+00 1.000000000000000000e+00
-1.814353306261520693e+00 -3.179162985248428441e+00 1.000000000000000000e+00
-4.034532312713053348e-01 -2.348996157368968163e+00 1.000000000000000000e+00
-1.130076844471834985e+00 3.860160458300436748e+00 1.000000000000000000e+00
-3.301437783628649036e-01 2.310461923736128131e+00 1.000000000000000000e+00
-1.035929476793642501e-01 -1.403251145044612347e+00 1.000000000000000000e+00
-1.628239897384009982e+00 -3.220485850753334489e+00 1.000000000000000000e+00
-1.270729880186837857e+00 -3.800501972751060720e+00 1.000000000000000000e+00
-3.241650408975705333e-01 2.258575850536741925e+00 1.000000000000000000e+00
-8.315156128757592580e-01 -3.308573623180698586e+00 1.000000000000000000e+00
-1.155415495934793091e+00 -1.583598468200649645e+00 1.000000000000000000e+00
-8.813194737329660411e-01 -3.475132219371443121e+00 1.000000000000000000e+00
-5.141359669240005426e-01 -2.687588746097677728e+00 1.000000000000000000e+00
-3.419079527287237075e-01 -3.557118757633038197e-01 1.000000000000000000e+00
-1.500084735226591137e+00 -3.744317902623113259e+00 1.000000000000000000e+00
-1.095465434473377853e+00 -3.668107005432998058e+00 1.000000000000000000e+00
-1.718406315413285590e+00 -3.368244030278482626e+00 1.000000000000000000e+00
-1.684489534776916431e+00 -3.763593658804789133e+00 1.000000000000000000e+00
-1.236084621180480125e+00 -3.415374506606892790e+00 1.000000000000000000e+00
-8.067822954041247163e-01 -9.766234149907907502e-01 1.000000000000000000e+00
-1.060267027212612234e+00 -1.291005676687640769e+00 1.000000000000000000e+00
-1.254496455478526507e+00 -1.656085976310437413e+00 1.000000000000000000e+00
-1.710401252641196468e+00 -3.324095721208209842e+00 1.000000000000000000e+00
-4.542455975888655129e-01 -4.966308209616497882e-01 1.000000000000000000e+00
-1.787174989134557412e+00 -3.141656984777461581e+00 1.000000000000000000e+00
-1.265367245967961463e+00 -1.713221967605802476e+00 1.000000000000000000e+00
-2.938211460847736101e-01 -3.059091110213861264e-01 1.000000000000000000e+00
-4.046457304536155708e-01 -4.467770049038255475e-01 1.000000000000000000e+00
2.031286285074459741e+00 1.459313776974536569e+00 1.000000000000000000e+00
-1.025644646059945986e+00 -1.228120343288137573e+00 1.000000000000000000e+00
-1.078822869763030212e+00 -3.690372115433059097e+00 1.000000000000000000e+00
-1.487283313850227273e+00 -3.470576936212551811e+00 1.000000000000000000e+00
1.529734642847232040e+00 1.158564331441985340e+00 1.000000000000000000e+00
-1.398930300320081699e+00 -2.036060855042705064e+00 1.000000000000000000e+00
-3.673226114670122278e-01 -3.855111110376298611e-01 1.000000000000000000e+00
-1.533855491452027042e+00 -2.621944064017651677e+00 1.000000000000000000e+00
1.753710641129559100e+00 1.347983043389052948e+00 1.000000000000000000e+00
-1.158977432577294353e+00 -1.511957094098814069e+00 1.000000000000000000e+00
2.949685691471693794e+00 1.738295181045477200e+00 1.000000000000000000e+00
-1.381659971561495226e+00 -1.795472350771327052e+00 1.000000000000000000e+00
2.412001182301464208e+00 1.543174619285810234e+00 1.000000000000000000e+00
1.483313332965552567e+00 1.109549597387534003e+00 1.000000000000000000e+00
-1.293000699205764326e+00 -1.649319410809341413e+00 1.000000000000000000e+00
3.028388620903919470e+00 1.757974315341575222e+00 1.000000000000000000e+00
-1.143747936376694696e+00 -1.472510626894455443e+00 1.000000000000000000e+00
-1.068706356422508774e+00 -1.289864024195948922e+00 1.000000000000000000e+00
2.707287455180286351e+00 1.676205309613028938e+00 1.000000000000000000e+00
-2.290228633721748119e-01 -2.396698702438639084e-01 1.000000000000000000e+00
1.803858770709237946e-01 1.806509882253487798e-01 1.000000000000000000e+00
7.879999772854849871e-01 6.917788812562356560e-01 1.000000000000000000e+00
-1.652914322586021556e-01 -1.829420224474969936e-01 1.000000000000000000e+00
3.739798182094200119e+00 1.631349037356260911e+00 1.000000000000000000e+00
3.487756532847955615e+00 1.828849765662036386e+00 1.000000000000000000e+00
2.083777760608222174e+00 1.434286512554572290e+00 1.000000000000000000e+00
2.365534868169986815e+00 1.600948124366116332e+00 1.000000000000000000e+00
3.470393685030922715e+00 1.752306676347300751e+00 1.000000000000000000e+00
2.429148591125626311e+00 4.643268570353796254e-01 1.000000000000000000e+00
3.902107813380669921e+00 1.433516165734938674e+00 1.000000000000000000e+00
2.038123216280848027e+00 1.431384406556536204e+00 1.000000000000000000e+00
4.043884286522823501e+00 1.427822154109877451e+00 1.000000000000000000e+00
3.153410192257599665e+00 1.734926744543304311e+00 1.000000000000000000e+00
3.094417307502359105e+00 1.703950092110265713e+00 1.000000000000000000e+00
1.000775054552243137e+00 7.476853700655408663e-02 1.000000000000000000e+00
3.221090765459689198e+00 1.827100344026623580e+00 1.000000000000000000e+00
3.038951574347574791e+00 1.709238667942727163e+00 1.000000000000000000e+00
-1.105661741123399183e-01 -1.118683396474065700e-01 1.000000000000000000e+00
1.453385534871901807e+00 1.141121853230606220e+00 1.000000000000000000e+00
3.427047700807489772e+00 9.826795057143474788e-01 1.000000000000000000e+00
3.163774246688868974e+00 1.698834864954990032e+00 1.000000000000000000e+00
3.064352789758303608e+00 7.337916526985328591e-01 1.000000000000000000e+00
2.971530339551918587e+00 1.803160950266731843e+00 1.000000000000000000e+00
3.668172418645874178e+00 1.818409528102086892e+00 1.000000000000000000e+00
1.815763730218558525e+00 2.858927026431976048e-01 1.000000000000000000e+00
-6.520560920695386287e-01 1.093888898619207843e-02 1.000000000000000000e+00
2.395654357593820727e+00 3.406085438444917957e-01 1.000000000000000000e+00
-1.834954737429914454e-02 -8.222677130048526757e-05 1.000000000000000000e+00
-1.854262481570461363e+00 2.095828691080330319e-01 1.000000000000000000e+00
-7.550845888628543445e-02 -3.528277188410826890e-04 1.000000000000000000e+00
3.683273604344947216e+00 1.474137221273673193e+00 1.000000000000000000e+00
3.018545453157025715e+00 6.194436623982613188e-01 1.000000000000000000e+00
6.671695603642117112e-01 2.644454383319393836e-02 1.000000000000000000e+00
3.219595038328165515e+00 7.638596843127718472e-01 1.000000000000000000e+00
6.714202030720097802e-01 2.950056674166457935e-02 1.000000000000000000e+00
3.626607977451595133e+00 1.682817726600556174e+00 1.000000000000000000e+00
3.416924751579225372e+00 9.407611469829071371e-01 1.000000000000000000e+00
-4.995558024091829030e-01 9.249131818971551011e-03 1.000000000000000000e+00
2.825646924405238014e+00 1.614116229185661888e+00 1.000000000000000000e+00
3.672617253462553855e+00 1.045941131471265440e+00 1.000000000000000000e+00
7.880071668691165376e-01 3.451456940663375633e-02 1.000000000000000000e+00
3.861553251529455277e+00 1.490777943197023614e+00 1.000000000000000000e+00
-2.855877103631263014e-01 7.290518245524113582e-04 1.000000000000000000e+00
2.284202874745684841e+00 3.524755337589994264e-01 1.000000000000000000e+00
2.813966498621691681e-01 1.008775269460825477e-02 1.000000000000000000e+00
3.135035436792690811e-01 4.274191905336707613e-03 1.000000000000000000e+00
-1.433683578433190275e+00 1.318397082315210800e-01 1.000000000000000000e+00
9.571951604036478267e-01 4.141222832458498621e-02 1.000000000000000000e+00
-1.854368959171200260e+00 1.919336647322234246e-01 1.000000000000000000e+00
3.818058173813234091e-01 7.390395953090480793e-03 1.000000000000000000e+00
-2.789676295824111474e+00 6.466268787207019031e-01 1.000000000000000000e+00
-3.285488056641940879e+00 1.673034506512404374e+00 1.000000000000000000e+00
-2.223498661921595065e+00 4.213694874981057104e-01 1.000000000000000000e+00
-2.780615914505542463e+00 5.566125287672396560e-01 1.000000000000000000e+00
8.263031880307012411e-01 4.427619849925468198e-02 1.000000000000000000e+00
-3.728851147447683978e+00 1.292329118354483830e+00 1.000000000000000000e+00
-1.232929683507936414e+00 7.284300033056205492e-02 1.000000000000000000e+00
-9.589356524942320714e-01 6.197101365249899768e-02 1.000000000000000000e+00
-3.858110621225301795e+00 1.423514479432182567e+00 1.000000000000000000e+00
-3.593010743855906242e+00 1.087357277998298288e+00 1.000000000000000000e+00
-3.196892481184529622e+00 1.724841898549340335e+00 1.000000000000000000e+00
-2.127668391916737622e+00 1.386674452913372324e+00 1.000000000000000000e+00
-2.964248696610356948e+00 5.908910862740834880e-01 1.000000000000000000e+00
-3.602741536950789136e+00 1.299000392838339346e+00 1.000000000000000000e+00
-1.174728958841730897e+00 9.658711301174098818e-01 1.000000000000000000e+00
-2.587520938919435576e+00 1.568815685787349867e+00 1.000000000000000000e+00
-3.162939624180587384e+00 1.769300169948839763e+00 1.000000000000000000e+00
-1.727578667187596784e+00 1.297921825129818130e+00 1.000000000000000000e+00
-3.453412127094714901e+00 9.849955999440069832e-01 1.000000000000000000e+00
-2.812731663322876940e+00 1.692778136406082989e+00 1.000000000000000000e+00
-1.035532646605755058e+00 8.936308410999170837e-01 1.000000000000000000e+00
-3.156755897691885804e-01 3.060910858854572481e-01 1.000000000000000000e+00
-3.701410407785588941e+00 1.145967631476632498e+00 1.000000000000000000e+00
-4.211898112302496777e+00 1.915497480673500785e+00 1.000000000000000000e+00
-2.460949769280711408e+00 1.575240261159773558e+00 1.000000000000000000e+00
-3.435697974748239680e+00 1.662666645225860274e+00 1.000000000000000000e+00
-3.344690578254994939e+00 1.598505160389669166e+00 1.000000000000000000e+00
-1.381936346267336191e+00 1.109933701561332198e+00 1.000000000000000000e+00
-3.179494031130043474e+00 1.675004949070965088e+00 1.000000000000000000e+00
-2.421196332365698201e+00 5.252969919936103516e-01 1.000000000000000000e+00
-1.336435090209554311e+00 1.035666384767448100e+00 1.000000000000000000e+00
-3.062992724275164225e+00 1.744359248670287466e+00 1.000000000000000000e+00
-3.565045532247713034e+00 1.819712205504373070e+00 1.000000000000000000e+00
-3.344510745302363475e+00 1.111287264412846643e+00 1.000000000000000000e+00
7.776552704298979046e-01 -8.895010856371599051e-01 1.000000000000000000e+00
-2.980307104330317980e+00 6.660694505031945489e-01 1.000000000000000000e+00
-3.552250783552023616e+00 1.261004762757046649e+00 1.000000000000000000e+00
-1.829744042659025460e+00 1.366558517380501936e+00 1.000000000000000000e+00
1.465328158269598058e+00 -2.084685163337159697e+00 1.000000000000000000e+00
1.566881982407285934e+00 -2.387183337390719196e+00 1.000000000000000000e+00
-2.965433642282871762e+00 1.669248957393516530e+00 1.000000000000000000e+00
-9.607558454577004303e-01 8.492032679079911661e-01 1.000000000000000000e+00
-3.378909434779139520e+00 1.728958930218480239e+00 1.000000000000000000e+00
1.471353453335118244e+00 -2.256438334046710015e+00 1.000000000000000000e+00
-3.028295663126043813e+00 1.698249617147478352e+00 1.000000000000000000e+00
7.509822623579304711e-03 -7.631654623773445958e-03 1.000000000000000000e+00
1.797309192096859132e+00 -3.092720255387058970e+00 1.000000000000000000e+00
3.910776831739510850e-01 -4.099528100099912309e-01 1.000000000000000000e+00
1.638810688468013810e+00 -3.794992524608217010e+00 1.000000000000000000e+00
-8.842784175864752960e-01 7.612863244502617865e-01 1.000000000000000000e+00
1.565461346274665377e+00 -2.305587367129848797e+00 1.000000000000000000e+00
1.595292389522287246e+00 -3.034675564953074556e+00 1.000000000000000000e+00
1.271395372115214029e+00 -1.615021247352839362e+00 1.000000000000000000e+00
1.407019768362868239e+00 -3.902663936066160577e+00 1.000000000000000000e+00
1.581258021460432373e+00 -2.908411288714378262e+00 1.000000000000000000e+00
-1.721593273560558801e+00 1.312508392026498827e+00 1.000000000000000000e+00
5.687227220298470831e-01 2.598478602385761338e+00 1.000000000000000000e+00
1.609606410882361782e+00 -3.501867067813481782e+00 1.000000000000000000e+00
1.708497605733266811e+00 -2.960391289125508862e+00 1.000000000000000000e+00
3.774943613090229327e-02 -3.600987950672104171e-02 1.000000000000000000e+00
1.778851465752794070e+00 -3.278076290102248880e+00 1.000000000000000000e+00
1.570175597627560204e+00 -2.345876049014828268e+00 1.000000000000000000e+00
1.316262205627930282e+00 -3.569199624348879940e+00 1.000000000000000000e+00
1.455806588533583579e+00 -3.519915877924774339e+00 1.000000000000000000e+00
9.956702272251084784e-02 -1.238486163432939158e+00 1.000000000000000000e+00
1.498063121851950896e+00 -3.478146592037030693e+00 1.000000000000000000e+00
1.198058657057060605e+00 -3.654805637885256253e+00 1.000000000000000000e+00
1.307595343905849639e+00 -3.826292394958841658e+00 1.000000000000000000e+00
1.690662794278637193e+00 -3.808263638312040733e+00 1.000000000000000000e+00
1.544577578480047730e+00 -3.562420077511625038e+00 1.000000000000000000e+00
3.361643015594829587e-01 -2.446463887650546454e+00 1.000000000000000000e+00
4.715208961089593087e-01 -2.518652174614718575e+00 1.000000000000000000e+00
1.793326365199431782e+00 -3.700322917151895208e+00 1.000000000000000000e+00
1.758026451850423166e+00 -2.983992337610233747e+00 1.000000000000000000e+00
1.110595099738754143e+00 -3.496869634381315262e+00 1.000000000000000000e+00
2.254102977795689050e-02 -4.888977261817942788e-01 1.000000000000000000e+00
1.034029660621099023e+00 -3.762720636706816890e+00 1.000000000000000000e+00
1.460103849022176548e-01 1.422537498201081663e+00 1.000000000000000000e+00
1.503018243515484409e+00 -3.694889642885002878e+00 1.000000000000000000e+00
5.295630782310922768e-01 -2.793914321941521450e+00 1.000000000000000000e+00
7.235260860079976153e-01 -8.533908533010265973e-01 1.000000000000000000e+00
1.244441508264775287e+00 -3.974678968562568304e+00 1.000000000000000000e+00
7.113086948004845311e-01 -3.031953930409193365e+00 1.000000000000000000e+00
3.658244268360815593e-02 -7.202671656160202218e-01 1.000000000000000000e+00
5.967192682687713079e-01 2.871711597356323420e+00 1.000000000000000000e+00
1.771602177460272487e-01 -1.539282386075845777e+00 1.000000000000000000e+00
4.503679410162117480e-01 2.408121431067134832e+00 1.000000000000000000e+00
3.757264534891950614e-02 8.916009788295986560e-01 1.000000000000000000e+00
2.136411636786180457e-01 1.732015912913479783e+00 1.000000000000000000e+00
3.243868928570292076e-01 -2.116324663250665150e+00 1.000000000000000000e+00
7.307808250007512552e-01 3.068329208187654533e+00 1.000000000000000000e+00
